65.3135676356
-23.9362424404
-16.3385621892
33.7412240331
-13.7920880212
-1.53685935649
-84.694456022
-86.6653167575
13.5154303348
-6.5187160635
-18.5578722118
7.62044548526
28.6472105281
23.9291746472
10.5383365824
30.9669838284
41.6642703858
21.0895841928
31.9889964133
2.98037150205
-44.3196145745
82.2152619004
32.637443867
41.5838267023
-70.7378620613
8.31317111337
7.75520605602
-91.165035091
6.9747740277
37.7294557362
27.2949446486
42.3552617266
-72.1123776306
8.67992341414
75.6588637611
32.9371097112
51.6261857012
33.3175701558
62.6979825578
-1.00623791661
4.800527135
32.1989124778
-6.0096351077
-30.3068958872
54.6513849343
11.5652880583
-12.0868974646
75.9214679276
-4.20985355951
5.02078991952
-29.6122372266
6.42139549945
3.43311679557
36.9273673066
-6.18694327711
-26.880401304
28.3603384973
-12.69111848
10.4250327724
-23.6083074968
-10.6379723897
45.8262862108
24.1971935316
5.38093294462
-23.7267005225
15.5761045888
0.200191890153
12.4251957347
12.2863316391
-33.4102055022
31.3999855518
13.625943118
-22.5221612316
-89.2184079266
-70.8779439964
9.23156774291
-10.9882714914
-14.365953292
49.0856018224
-20.6634272843
8.33556024288
86.8383147353
-29.4664635302
26.5555737734
44.8612838905
22.4219690973
6.32443537497
31.9127943983
44.6963456795
-17.6884756206
7.49467182677
31.8492694256
-6.09345483128
9.06455863454
-36.4398668637
8.98965135374
38.2840410148
-53.316479382
62.5431801265
15.8748606868
-22.3039958745
27.6724095506
-4.49723172609
-63.4818949099
-0.357245284149
-11.347790777
8.4195263616
-14.1049771099
64.8574389216
-11.701085039
27.4832849498
-0.020449971054
-0.652646539101
85.084195916
-80.5122247732
58.592858847
-32.0377615454
27.6390503551
19.4648299684
18.0011632314
-30.3288419671
17.1092904299
8.30554772989
-14.8896523165
-33.3871507069
6.59721816906
14.7771521327
-2.12849071962
26.3963290719
-43.2169098984
-30.9636291672
19.4538345646
-59.3336476794
11.706465213
10.2197225951
48.4681452227
-38.1787129219
-3.90633961124
-8.88851535858
-55.6170093507
47.8786350269
-33.5357848437
-2.90688640893
54.8166973386
43.0726631775
-16.7392873375
22.5773707531
-18.2840757462
48.0039040539
89.3670867324
-25.0295283234
54.9131519281
-50.7228318131
40.82721199
-34.879525569
27.3653929191
41.2685560187
-32.746938359
-62.1440590177
-17.1387990067
18.8556975036
3.79212701344
-0.235610581674
17.5366005113
5.67669751463
-8.84337594463
-3.50288182585
-4.22587169824
54.4793311056
49.4123129059
-27.0386457761
-39.8258525325
2.84914423142
-2.18047643708
46.441812923
66.6635610379
34.4581451654
19.652781607
30.6774369912
17.4724478464
-11.7701296987
-4.07542520381
-27.9197952522
68.4256820259
6.3399716978
-2.3189284005
-31.0265651182
17.5229349771
-3.64956965057
29.4056684876
-26.4843948142
72.6149890932
32.6797709825
75.9025684493
-2.39582436602
-2.25792191525
-56.9170231002
99.3077483175
10.3621410078
31.2438478301
42.5784768746
123.408227188
18.2766208731
8.63800991485
18.8897384285
16.0226107008
32.0409743055
38.7034360381
44.3519902428
-10.1630370428
28.2983397973
52.5260733952
-6.47467869551
21.7218917661
22.0127558538
-29.8946560803
34.2393340658
-20.8977375916
-73.8513802104
54.1389788309
13.0579135736
-16.9445383088
9.26264428827
-8.25237269897
-16.2111410718
-0.872497960911
117.885003806
-32.8613647602
-14.2138625446
-10.1735839714
68.0312261886
37.1219080043
-5.63422964981
31.3446153896
40.1868542786
-24.7004465097
56.4049226104
-22.5597099585
14.3935064102
6.3222317376
48.4366435495
37.0650246441
52.7197402263
20.0802370999
25.2418515943
30.1729299716
-24.2436929929
-34.5192521867
-8.68375139894
8.12167926209
4.81358290488
1.72666937206
-35.7771834775
32.2954417242
13.3422243809
19.2615610719
26.466801471
7.10764750537
38.847751449
-9.48215298622
-73.1536760321
18.0234207554
-45.6736692868
2.6611808921
44.2327551602
20.9767386618
-22.7453750831
11.8594774301
48.1034310013
-151.056362298
36.5038865856
16.608555487
19.0157450586
11.0265490918
55.7472295162
5.45405913175
-1.08157610382
19.6973382981
-13.1337092862
-4.79154500872
-13.2492593827
54.9422806689
89.0978844476
54.6014330249
29.3658959046
19.3113828512
29.5643302458
-11.2824159691
3.59699242926
20.9879610761
26.8589112891
25.3274825762
-30.94863182
-11.3277540916
-27.6623867164
-10.3010986301
-17.0592442549
1.37856399668
52.3782081802
-32.3158996129
-7.88295770062
-39.1329485184
19.607906831
-11.9496895267
-1.04533551096
9.69732156679
-4.20088711518
36.9917901451
-12.5613052572
-31.651229613
-44.0606717583
-15.7448881786
-44.6797475536
54.5339649748
51.06901504
1.92727805015
30.4170445015
9.02494705868
-22.3145591013
95.068403673
68.0704262936
-47.7551381934
-36.8186614959
20.512507041
20.954735369
-22.1408755395
77.5312089043
24.6947325041
-2.2765846482
-27.859719665
15.5083772974
69.26693048
-22.578644846
-20.8906896276
-5.1778554198
-69.9506851914
-5.68785265861
16.6773152792
22.6484021853
-38.4217071822
71.4282822031
-33.6467437273
22.3911232552
54.0543593414
-6.14451891929
-13.2531902917
25.4943877422
25.4922177893
-61.3518373964
24.6716776925
9.43257415826
-31.5155081071
11.1107792328
-1.83103704676
121.071852991
-39.4587132431
-54.1732465809
-18.9975398582
3.43046530102
40.1016297627
5.05640861104
65.3703228737
-18.9721950654
1.70040665586
21.273235534
52.3834361227
-21.2162874884
43.5799261724
16.445167868
15.5294747862
19.7803151352
42.1345070081
-8.79363252238
35.7019596709
24.5387042702
30.98001012
71.6941040438
-13.2058884655
24.7631304082
4.64722475962
69.9726664492
79.9157165787
59.3888390525
71.7606056447
60.336357577
77.5915190372
79.9729995518
63.8737980829
74.1701338643
69.3065723528
65.89694589
77.1231849811
77.0128728247
66.5154245346
75.2483321609
67.6205170997
64.791275361
68.2702266505
72.5340962993
77.1996147747
-1.28405541792
-31.3909137261
34.0717549896
7.08245817601
-14.7819204427
8.29692298805
-1.19982949877
9.39816860313
25.2375480264
-55.0370745296
-14.7905146
20.9927557243
3.84197131916
40.2029897881
36.3602895583
20.2321215034
-25.6186894276
-9.67820678122
-44.9569070844
12.1826325664
-48.5478431072
94.4655627529
-4.9846079841
-3.66431487579
-1.40604633579
42.0239122669
-12.0163245799
-17.9091492772
-25.8627526059
56.9226319496
76.8102763313
-3.50182662853
17.1781078639
40.311928043
22.2540020829
40.2266904901
-6.00549327296
34.5338601355
34.5319708224
43.5492583718
-28.2626969367
-34.4975958765
35.6737214421
-1.18783310011
10.0999955453
6.52654054735
60.2808004926
-46.1882866942
-12.63695459
30.8860176238
-1.66090766775
-7.24407330834
35.8566485423
-37.1661422088
1.35888129319
29.8446277464
31.8270525422
26.0247103928
25.3856303232
-2.32781157648
15.529703302
-0.938364080282
-39.2513478302
58.839292849
10.6212665149
-6.2528474724
-21.5426916873
42.3745951532
-20.4618334436
-37.9832592736
27.0568198261
36.3673031776
42.3968342453
0.996448314451
84.2494218546
-10.1947659821
24.5580964527
8.68598965928
0.477069974142
35.00809541
-8.44965140726
7.47863754061
25.1159856904
9.21258304889
-6.41265699677
47.1436885803
-55.5627558942
-51.1104807968
-19.9487013177
-59.4114843618
0.984507643114
5.69447848399
63.4394926727
33.0578261232
-48.5227370033
-8.2321307715
15.0775941304
12.9853776524
-57.1619590471
65.1325502445
-11.2478324912
19.5151873332
25.2155146185
19.2956193302
13.7263192393
11.0374010027
28.9713765238
45.3919688394
11.4497258912
-20.9930581117
66.8322057779
69.4377449056
70.1472685248
71.3294070872
65.027173719
66.0881644285
72.5121787887
73.9048862867
65.0726361109
61.6423106027
4.71780552723
-27.6167370318
-21.7832106325
-0.216029342484
3.86642081842
-11.7741865572
85.1055903027
-16.7314604351
-49.0182468917
-45.3613716203
41.020509171
118.738335548
0.424782107226
31.4619696843
-11.4681273877
-59.574868521
-13.14272675
-60.1700711754
31.0061386095
54.2783589342
36.3413884904
-21.6096625683
52.6404575234
79.9530123013
17.9433790751
-45.0222779751
-9.30742212868
0.215635677693
30.5639366418
4.04428680282
-31.7942643583
-31.8033008565
-30.4235168193
-48.9135406994
54.0251533545
55.3192755087
32.0433476885
-84.6025096868
10.9336964125
-61.8197881997
32.8436355309
-46.4673141277
46.5611062998
9.51702981942
72.7035355093
-14.5689178509
6.04025033995
-20.0492595879
19.9516556371
-0.459838689933
-10.6860211105
43.9395832536
26.3636475313
-11.8492327034
39.861676579
-47.6922566192
-3.0625692813
4.12849520447
-52.5319964291
15.7163640924
-6.09831373721
7.59703366919
65.5827075919
14.3000553245
38.3178742009
-41.8313504125
-23.0673213195
12.6486850378
42.0847560902
79.857653926
66.8056153941
48.647441274
-77.5547316367
-27.913385302
70.4231167691
59.2656652454
76.6060115856
44.6893190153
-32.6563278623
77.831590125
20.9467257078
-8.47700032724
8.70212662346
-16.5727684834
39.59919993
34.9675649228
38.803159734
-6.49737077691
-47.7468195606
-2.02146839402
-55.9531370216
-45.9090589449
33.1909803274
9.74553899158
3.98613264211
55.9857508464
52.9043834019
19.5579104396
-6.92895398392
16.2314928398
49.1721827538
0.0312524984402
-41.6059415277
2.97111902879
-16.1600872059
-38.3555555742
7.36055569895
15.5759632797
-17.9711750153
18.1655973691
29.8297343996
61.1184205844
-17.0568151908
10.2871289074
39.2238901724
46.4227283873
-19.0904918748
-16.3722418229
27.5726118772
22.9880905095
75.9333547148
74.9736516231
69.1138042402
79.3995456039
54.2329788272
62.282270377
69.8456418949
64.070206787
68.5544397128
75.6800904803
13.5553934103
3.35017720792
1.35685146909
0.146510383039
17.0444515283
-13.4288167995
10.1351466373
10.0660043043
-35.4068564672
28.9952999645
78.656782457
42.4811995639
43.1966217056
34.1931706937
9.39964688894
-11.5536293071
105.947569723
83.0661188445
17.0680803443
-7.9964420885
50.1917999741
5.99590210278
-28.8592822928
67.9116594059
18.1816824534
62.6247189782
55.1873892668
53.8379314886
-0.30227860088
-11.4927944504
39.38813314
45.1171072994
43.7744099271
11.7053326887
-6.01702786964
57.515582607
19.3992828271
30.2521407023
22.4147780473
14.9547388112
44.7979618169
3.83395988358
-39.2382402438
-0.986425281345
0.714533111402
27.6041396507
19.286599235
5.11143173835
-16.8595348037
-0.197259753257
41.5599676464
36.8957385644
23.1602690045
23.3974125772
-2.82227304234
-5.4843914217
13.7274210938
53.9088127726
8.25620512895
2.49628325797
18.4692075355
48.6890587155
12.8947556162
22.3881619712
41.4199031883
1.5840003066
-25.1096742226
-5.2902694628
-23.6603534659
-4.65162615368
47.9250974176
-1.85688695614
36.4434190383
16.8857429467
-21.1544190164
11.5953221024
19.1125843328
58.765582982
4.99167330125
28.743311149
22.2881335352
-13.0668054356
-0.120369552919
-0.315469781241
23.863262073
8.28985781438
-10.2576111651
-16.7351935375
-3.269537014
27.9019782758
3.24034544918
55.8773459596
32.6636491968
44.1698354471
-24.8200973553
-40.7658517053
13.5344374447
42.1340289636
65.1831649313
40.0616763938
39.6310160426
13.2926450065
9.50406701466
40.7941889224
23.5212437327
-11.9233454605
-6.74887869085
-0.259256441167
20.9177294958
44.9151270996
-3.9668580973
-25.1026967631
39.9377914914
41.3262039
33.7666447887
45.058276682
-6.15275935449
31.8033236235
15.7411998191
97.396463939
63.1755514692
46.7526808787
-12.8974044615
-12.9087443613
-41.2758634036
13.4970761876
-2.98794265924
-40.3162657082
47.6904253935
45.1131582928
47.096880894
-33.9702154389
-15.9420593431
-37.1292756351
-28.2970410564
-2.41412270815
-32.0610245134
17.6029546557
-63.0527534757
-107.447642942
38.3528418041
-30.4400276297
24.800475914
12.1058585444
-8.45357735384
43.4234486542
44.0953167281
27.3912359399
22.528759879
-5.16478689158
-10.7373677481
30.2139873288
8.08987523917
40.1800310678
32.8378878278
36.0338243294
37.5051064524
18.6010864626
5.30337725725
9.67176774596
-6.00037032054
-4.60330914358
-4.81929920517
54.5753371731
14.7918257403
54.1494342653
-11.9331985567
-16.8606035513
-1.81595759921
5.31902999678
23.2908662543
7.06906176629
-6.30631973979
46.8462641798
33.7502601393
7.12583466284
30.4316025835
20.9134331614
-8.09022597949
14.8409237186
43.0665990165
-81.657214385
34.7981887769
-56.0620609411
38.8921199546
18.5216202188
30.0123331298
15.9287523622
112.510980786
26.7001549987
50.4075846715
45.747556489
-15.8607268919
47.7552624881
16.337438204
61.8655641549
74.6119594719
-4.880262537
-35.6635539949
4.73252301831
-9.42331294854
-17.384816487
7.3890817435
1.24799410297
-2.93410481447
31.1700250959
2.88617966752
-49.8611709623
-5.17531579099
-45.0383292724
51.8834897309
11.5335251923
-25.0354293917
54.6944482093
71.3514205251
40.0337891047
-15.5336406122
-38.6489679582
-29.3614032144
-27.4554707496
11.0553830547
62.1667092584
28.9993954927
36.9375626544
14.8334891386
48.5386389338
46.4138541447
-7.01625503848
6.07829232316
6.83618374392
21.9605599338
-25.1911826845
-0.676941280633
-53.7474563156
-31.3298116269
-7.05062824815
25.3422708592
-69.1508132977
33.5694595316
22.2247238388
-44.1126435001
-30.0459811574
-27.222995763
-26.4363847809
39.779512827
10.3934157809
-55.9849910989
5.13144624622
-28.9341623981
48.0591892089
21.6253988804
-36.8960312548
25.8835074183
25.7916691436
-33.7300907601
19.7770099721
64.9316444923
44.2461081852
-98.5133540813
46.2578694513
22.0085785374
-15.0355697264
19.0227488187
87.4137751615
-12.7263392792
-6.29806861789
4.80217289069
-68.0512417692
43.5569362174
-21.0315060384
1.08589418227
1.0323503084
-23.5538129403
22.1009442619
-33.9744422929
56.1292832903
-22.1235832613
27.2059836419
-23.8141432538
-33.3720156685
-32.5068368392
-47.0334527479
-27.5083748736
25.718779198
-24.6579960652
84.2218567783
58.4403910954
-43.4659476642
-25.0616442032
-97.8871189446
44.2773600174
89.3689312073
34.7359233806
52.0510467876
9.45698980267
17.2350000408
-46.6943717635
38.3390847614
2.69401647801
-35.5232028854
-73.2201554409
89.1513275557
-4.15479987584
-11.9688255399
5.35508294905
42.2739527785
-37.3548977843
28.4157714639
14.5620631204
6.93562611137
51.0907507691
4.90999298625
43.7749040423
-13.8595642081
44.6220911462
35.2843013284
-0.0493546976865
-1.42964299395
20.9277871537
20.0023998968
64.3597291787
57.4369764085
51.5143899465
51.4177713777
55.239522601
65.4631116147
67.1344373183
49.0927743491
59.7280309425
67.3683634876
27.1456166671
38.7109748087
-1.99051219145
20.7957165752
0.527016937651
0.130001261315
47.6114501618
47.6202697104
56.9892501394
6.91405398565
64.5398287593
32.4710078918
8.7058285653
-36.2816762655
-17.9323831469
-40.5326785309
33.5022069623
41.245264578
-16.5291832658
26.2618542641
-50.2470504302
-35.5040939992
63.6804003832
-15.1945226138
11.2951293898
20.7965263613
-39.0403317674
19.9127282808
-26.547405805
-82.5200829626
24.9222355799
10.026503255
-58.2331742194
49.6858055694
-26.5990459927
14.625149374
13.7291419084
6.84814171434
-24.1598188689
5.89340372195
19.6453033485
25.2885062367
-12.7060284465
35.9220596675
11.8896434665
-4.00356327346
39.457206458
-5.64016778053
-13.8862688357
2.85092527672
74.8466170528
-38.809644654
39.1426375676
-34.7383571439
29.2057551824
78.48333374
30.167685955
-32.6181881252
32.0634143227
-1.91384125075
-8.78362499072
40.0268639166
-14.7703681904
-13.6952258699
15.0557758948
-39.764126575
17.8819278621
-28.2561407534
81.5405847778
-89.5745853313
44.0958597028
-56.3701147815
-6.11008336145
-2.50945880895
-30.5358557894
-37.5826429083
76.7177214702
4.82884595228
-27.5892383306
-47.6986357051
44.3517864707
56.284264128
51.9550500032
74.6568471859
48.9401005471
56.011277343
47.4160679376
45.3511011325
72.059376729
68.6384590645
47.8161075978
11.9626541046
-36.4300249561
-65.7233425285
16.5872530298
10.4662092607
9.95544489319
120.4485673
42.4969254925
34.5187711865
-49.8415358256
0.831572767412
42.5984337256
2.45926552798
-11.063334687
89.684716913
54.8717873702
-27.1210285274
37.9980060135
44.4618344968
-56.6610859598
93.79647714
7.9680170777
13.926681107
-35.3475479463
-45.6639452434
-0.401965523507
33.7892258741
-19.0111754057
19.5314307007
-5.35598134379
-29.9077859316
32.9918654956
-25.1579669573
41.0934158051
54.3519276402
10.330441682
36.5478706477
-42.2555209356
14.8759629115
-41.2835305578
74.0982283407
2.28690399353
4.99200561974
5.25014982427
27.2758532892
72.5186692914
36.9513853108
93.5008648298
18.3965448071
-33.7582612952
25.2938097003
-15.6119730236
-7.55187812578
-15.4571770871
3.48623915204
41.4299230025
19.8603910408
34.1749335284
54.9072492111
-1.7816847482
-63.3287221784
9.96979695169
19.8428523546
1.09051140497
2.96540665482
23.2991625307
72.9733918482
14.7551178019
52.987955588
-1.62532451091
-11.574285136
-38.8862171952
42.6334548085
-22.8552247108
3.57222184313
23.1156580617
61.2310478276
24.8362617193
-45.8351582474
14.0827508065
-44.1869716773
-16.5658997349
-67.1347295707
4.74073986024
-69.0646135131
-1.60732153133
-100.865024312
-13.6719844306
-85.7924550353
-51.0959216163
7.58531835383
15.4983831506
60.4816513843
26.997750451
51.0358081742
11.697505037
11.2317737826
5.73996054142
44.0181522488
-3.38576335735
-2.99795859216
-43.6681804004
46.8689013089
-18.5680103121
13.3941035879
-50.8847149243
34.5921626694
-0.185736448153
-70.4423053337
42.5989772806
-10.0249687096
70.0470320499
11.3290410057
3.94414709379
-0.576527924459
66.4723331897
19.0080590188
-4.67229746543
20.9475376643
11.4099641564
40.7586660765
2.5685672657
8.43809863809
50.7046471927
14.6546911456
11.1327089725
59.9636490759
20.1932941885
44.7160470443
-17.8542131071
-16.0619056036
6.33751150889
11.7915966511
14.9831707284
11.4067249754
5.12570693922
-4.52211666331
-4.83878516529
47.5140154145
61.9381137818
71.3210687193
71.9413816844
74.0863097354
63.2898720017
77.9104303013
73.8060429349
63.1420990511
66.454847347
70.3604539113
-3.19235258138
-26.7145092573
59.9028055409
25.902454633
28.9041625102
-16.179793618
36.2852230277
1.43277887135
-14.6463639499
13.9255019027
27.8381191366
9.94534912881
56.5259273939
10.1588321792
46.7975801205
64.1512123497
28.6702462879
2.01839126285
8.37414048654
28.1743316203
1.75217846069
29.3993102462
27.7240839452
11.1194307498
-18.7944622892
53.8338233086
-8.85088224542
33.2705420486
15.5759287707
-8.84794273936
-17.0445479547
18.5567664826
29.3836990403
40.4966892808
27.1503730767
-15.6426293543
12.7762775899
-59.9438448247
47.3761721834
46.235423469
7.67873953281
31.5939114962
30.5918226388
6.60579681024
14.1707331365
-10.1051412323
17.1061631912
31.3598690643
17.5786501658
-35.2482949291
10.4063160864
-19.7973916724
-14.1645186178
-32.2261946356
14.6949582266
16.5492076304
26.2006559029
-15.0728265601
69.9738516681
-2.55564880842
85.1792549451
3.12442251256
36.4581683927
-68.9238753348
7.12230292435
-58.1295098356
-21.610366451
-96.7252181653
-35.695401027
-7.32229124305
46.7552261622
26.0169267907
8.55296619013
3.86181806097
10.5206326409
35.2156372545
22.6124090222
-3.96518615979
39.2799981637
14.8420519121
45.5473059589
-11.6538037309
15.5101225036
-66.6463286781
17.9342467607
-50.2056699826
30.689372806
19.9540180036
-15.9290717401
-6.51267305707
17.0480057928
17.5891640785
3.42321128881
-2.65061514602
22.3776952155
-44.913208968
30.0147697178
7.69352311665
-9.30304078559
-12.1088540598
80.2935260028
12.5439287764
4.06694351348
-5.57039161507
22.8813189976
-90.5104466404
47.998663231
60.8905457519
-9.50600926427
-60.049670759
83.3641159995
-24.9653451424
36.0488224613
2.18680652879
38.0995064381
99.4101377191
55.9953213893
-24.6979873046
-27.6990805672
15.1354817876
-17.2185545892
-60.3362564502
-26.1116713242
30.6828527334
-29.4997667472
-8.85292863668
34.1482403221
-7.32002269355
-44.9594774639
4.57217582882
10.0252216806
11.8667631663
8.29139963542
-39.1772645118
37.9502145852
12.2406592786
-26.0797936081
-26.3254553948
20.0758214315
3.98735494235
8.2609207958
12.2223991582
-18.7311130036
-26.6336777455
34.6215133681
10.1597188619
-31.4434796096
15.655340672
-18.2529710585
-13.6217138636
44.0204313463
61.8973483834
31.433476634
-36.9647211537
22.376178367
-3.93092768762
92.7689558302
17.3975490742
6.55752358438
-13.3730978036
-4.91827645392
0.183825192457
77.4338819662
-49.701143659
28.7600482463
-33.8722958838
21.5424751406
14.9508688422
-17.0538539384
12.5146568257
0.437449569092
52.6615753639
47.1332803898
-44.4619008258
12.2365242162
-2.23076539325
17.1108476094
113.286468932
-67.939541021
-42.1326298698
-43.8716909269
32.2576818627
-17.1234300244
39.4114684641
-0.810968758108
31.6949279464
8.61196480958
40.9799930717
28.9446792307
-15.8346291258
-76.0253384009
29.9781507993
85.7781715958
15.0358837065
35.5831623218
115.218361538
55.2987587366
46.1417566382
-9.96892496075
34.7277361676
5.00588296365
-20.124986116
24.2436743581
-19.3858694151
-41.5131405495
-111.339652099
28.4456530941
73.2234254972
-11.5904589556
-10.6244214614
33.0586209289
-36.9817065095
23.2807042199
-3.60537142108
-1.55681820638
11.3645688083
3.65858294657
-10.8217336421
3.29793519257
-8.44069684582
12.3540354927
21.3849058587
7.66058638053
13.7297314961
55.8532596104
4.15275516599
28.501861901
43.4693474511
-7.28770136467
31.9921110494
66.2535055925
16.5080740608
-25.0384453546
7.10955815262
21.8833034648
-16.5632083679
49.1861982419
6.44001870061
-51.2387967335
35.8872260885
49.4064914337
21.9463129952
-20.9598727349
37.1582626887
-2.6337526072
9.90884931064
-72.8564787535
28.6070650411
-4.99230316674
-19.5019708235
85.9513561728
77.1311642027
57.603572649
59.5473995784
59.066723973
58.7316500718
59.6929051866
46.2334325626
64.8792925447
49.5870707818
-22.6400366756
3.46841351793
-43.3874802333
1.01908000812
-38.5335754939
-10.266969731
88.4479020115
58.6467802696
94.8825282287
20.0810524534
8.57429563525
18.2959469686
50.7881209133
-21.3640800197
35.8610352007
26.7876539101
-9.64328672761
12.2873885811
-16.5868796132
-21.8900575806
57.342211276
59.2246191738
60.8702469942
47.5386364298
61.9328890852
52.5731768849
79.9712660845
50.6999510324
54.6854060451
59.6924711871
9.52968359226
-61.9118152737
-15.5552318682
-45.9124835522
-7.3422909104
71.5948552718
36.1518680953
-21.1919211353
10.8811028776
12.3943823213
60.8240758321
-3.17082109057
-16.3990453646
36.3000879532
23.6866665666
40.575245743
20.0118968446
21.3588896729
9.79159168849
10.1684458412
6.33938555111
9.71683361221
54.4407362659
14.9978739241
11.4444357236
-1.44894078129
-8.00739889388
58.9088698119
22.3129638947
0.796291447802
-4.14018609696
77.9073445482
17.3699419029
-3.13034152262
-57.9984790468
62.4819373172
-10.3303378106
1.25220508168
7.17105639327
21.5794640063
-12.3115515933
73.3998796049
34.1555808092
-15.4680593298
65.1703919928
26.2053838901
59.6304202016
10.964352399
13.4176189569
12.9439107829
46.0422181516
19.2165356396
-8.68615554799
29.6742813593
-9.76015061616
-11.6900247139
16.7484736787
40.3552669557
2.65352737293
21.4796010489
43.8664774929
54.4925335037
1.34346523129
23.0452487719
-2.41797076237
-46.2136835714
11.2982274125
-1.35299352461
8.91738672091
26.6779216659
83.2339552217
42.0889717336
11.8676587827
30.8622573084
8.07111697647
23.8275939329
-47.1328251447
11.9468241135
65.2276173518
2.60366279951
-8.24085273179
-1.9961500556
15.8320599512
52.0132868278
18.140675237
9.42787823847
19.1408449951
-58.8325365269
-27.212263247
23.6781773508
-11.1377958449
10.9412588377
-15.1639400137
-0.981246744733
9.88191712964
-3.8488519012
2.54476040818
35.9962966221
65.6183079103
17.8400916597
-1.31967340131
7.58036107859
21.9979244993
20.9244945842
31.686390809
-5.17602697511
53.0142523164
-29.2727638187
6.67384839995
97.6475500296
29.6333007112
89.0854226154
14.7249825966
24.0339839657
13.341553716
11.8345365115
20.325090904
-4.83247015205
40.4913651196
24.2996758131
-3.46038332395
22.5577196557
8.15447662098
-1.93147609096
21.9743192911
-19.2852605934
64.107260932
101.214461177
40.9502291611
26.2412088471
14.15283675
-4.3260715491
54.2013629336
9.81675325032
2.19868200747
44.9954639595
57.5953168696
43.8672808106
55.8724131892
-19.4167914312
12.2380649733
-18.3392829144
-39.2102004817
46.306100024
24.5238928433
-38.3578981792
-51.5174356212
-24.4603673138
-45.0532614934
34.8126385233
32.5808142631
29.5870730249
-22.9955814554
-24.904154433
-18.388738666
14.2903154259
6.60238058924
5.79950060092
14.5037338818
-17.9983517287
64.9652944616
79.0759428086
71.3090001834
72.8164745638
68.1402216713
75.2722056883
72.7851634033
70.4346419999
67.3171469761
72.2869956423
-9.02393999915
48.0574497646
-6.99484507894
-13.5346936305
-31.5691912437
-17.502554566
-43.5690916783
10.5083689002
54.5596877201
65.340460642
-13.4190614695
14.4106948523
42.8109412233
-7.1433168476
7.06172891859
-65.6940034536
43.2441374962
-3.69328316583
-29.1323312019
10.7387035938
-10.2316596701
9.94357174982
83.6031157487
4.3240605883
21.829866963
28.9918697353
-43.7697969449
-0.74983324183
23.2458501888
-8.59755760796
-41.3273290571
66.897020429
22.6597444621
-8.24747412317
37.5877761276
30.6023376339
-48.0917665023
-29.0403171254
20.742314331
53.3721875772
-12.1457998989
15.9445383339
32.7538848635
13.8302091202
58.3431170522
38.0681237241
6.55480494902
34.8604245262
-13.910493708
-12.7538142951
40.9603192017
-9.75552369384
8.21013334955
38.6794351267
22.7258129709
-67.7116941967
51.5442398675
37.0637059495
8.36360656369
-13.1027248577
30.4600520335
32.4471780446
-67.045128771
52.755104651
29.5301270386
15.9282325704
1.39729124266
21.6589448855
-54.2104038413
57.7831565838
32.809720127
39.6060680562
-18.7861547686
94.1246852372
40.9665336959
-31.3263450326
85.129622825
93.2479980153
-13.4081279211
23.1240555203
-36.1166842482
-87.5905167064
58.9512993593
-68.1862371085
48.7071847719
119.747592683
-16.6114810701
-9.61891367586
24.5877230359
-18.9632458924
3.50612558752
-27.6419496727
-1.55579977423
52.8978785183
-10.3187315518
6.78129669104
-9.02287286095
15.4065020518
-49.3396733014
22.7699196181
-30.9703777733
40.5691631486
46.31952596
13.1035304703
-4.10747013631
-45.0033245396
-24.8541898087
1.26583167165
15.5960538199
12.7825561486
38.8129821332
-28.172892698
-49.9954656581
-47.9358856853
41.4482711524
43.759202627
4.43041989261
-25.1800447838
-10.2658852736
-19.7315557634
13.2030032223
-8.7912778178
2.44103525876
11.8431532276
41.8087018728
-18.3700995929
9.20126311671
42.5819916857
5.88614271921
57.7931728981
54.1628449898
35.4145148645
25.122849827
8.54705883055
0.763647504123
-1.14927107394
30.2471213445
34.8106870792
-5.6075455564
8.00005017143
1.15862612927
-33.4966883772
-0.842797017472
-17.9203647205
3.19741463537
-2.8699180231
41.6652110279
-42.1186167148
87.7564055098
31.483861405
16.521754915
6.07493869154
8.70499901623
16.3608067717
6.68392365025
5.51495104643
29.7337151082
52.5303732304
50.1502275955
53.3446979855
-0.689023280692
39.2389875171
28.2444963076
6.86862446797
-10.8325763288
-50.1882762161
-15.7703208541
73.7991332561
26.0511712571
3.51274073705
9.23574331997
-30.749162957
-29.6344195525
-4.28753736063
-17.7260236619
7.34066609377
21.7119073487
50.7850001001
-13.9790807712
4.94688286143
-4.25739750541
-0.699675024056
11.5802829216
1.60806318042
-2.89259246264
47.1306580994
22.1444544924
6.47998566802
13.6240175065
76.8217895815
43.3286354783
16.5175544634
4.40743791622
9.14651828262
-4.74170256995
63.3104569941
-11.2909558905
41.7686712899
6.00288642129
42.1561774648
38.4327317404
-21.1801668101
59.7490673795
14.0487146679
-0.240510547587
50.4531709192
-55.9853752394
3.74359408557
-10.4690697772
-43.1065703389
37.7577847269
49.6754036341
62.4011697873
-36.7117758788
4.15806430445
5.37202576102
-33.5934841572
67.2641278815
-53.7558156689
-12.4556883658
27.7557843959
25.2534389418
21.6807185689
38.0648599625
21.1947248018
50.6897499204
-3.20472824625
-17.8312731418
27.3313873796
16.2667873748
36.7321326293
6.19858995038
-15.0104245934
43.8037911412
4.18109808072
28.7171609811
29.8174999839
24.4532243027
-16.932472265
27.6190657097
-0.0292368593308
-6.789904713
19.1436906707
18.7158716897
-5.02640962454
-15.9454926671
16.6519536402
-33.5288567053
34.2616341257
5.86264481473
35.3343541485
16.7703441514
-9.22199270021
32.0253948655
27.6806784625
46.6445294457
-32.9776023329
-8.68931873974
27.2822780222
17.9443819203
18.9201970508
9.81074380262
5.62212612854
-1.69853872006
26.5717915215
15.5250623386
-1.52798360359
5.47645871059
6.13569741169
102.626553209
22.1089650268
-7.66691694596
36.013058033
-30.3948633944
77.0752355689
-63.937623524
12.9943961185
50.5377434406
23.2102196057
98.3127690164
-21.9104519996
30.2194798944
-14.2404973397
38.2902415732
27.4623854794
-52.3902926581
82.0565231923
18.5638462109
13.9440153107
0.850993208102
7.73211380242
0.303081662478
9.9196302275
11.1539086097
-11.67954367
-14.2950957713
-30.0794620087
55.9579170623
48.6017919661
-17.1505199315
4.74995559352
24.5111564582
27.4612793777
-2.53950777862
-5.1242091836
-9.47867719921
29.8569317124
47.1490210315
-47.642479944
20.9029937083
32.1219175492
-20.2168288776
-10.2844706509
73.1750262991
90.2894907631
24.9374133392
-13.1759168884
-22.8841022957
52.7341800194
-0.591952260813
-87.5736653501
-9.8436941245
-24.7702509506
111.235705636
16.809184484
-80.7294394293
-78.5180671684
-23.6576643765
61.1463017931
16.4555274148
7.01468380764
39.8374658683
41.8660089933
11.3206854474
18.6462895591
-57.4928121873
37.24069362
53.6054326151
59.1044493358
28.386896708
-28.2739103667
42.9751317105
27.1521221572
32.9133919177
27.3438148788
-17.3853913295
13.5425558514
-49.9985285883
38.2730604818
58.3172562691
45.3642851596
21.645762811
-23.6159391413
-25.1288884289
45.2167143579
-34.7239175681
42.9614943363
21.9796874462
-0.632064399694
-31.4223314708
4.41644681758
6.19358381389
-7.13136683919
-5.93763431033
30.8187726698
-66.7457402846
56.0020537158
67.9760485959
5.12664258954
39.1053639612
11.7647114696
35.401712092
65.3597092503
29.4831287785
3.13708027493
51.4670667485
25.5013074085
27.6929340105
5.04133635633
23.1802706762
5.16707804401
37.1493379839
-47.5666847668
-13.3200847296
-18.2427351073
-7.39661758011
-26.4728507841
-10.3434758107
11.8915417028
-10.7763040217
-1.56510985787
1.34607982953
4.72331817074
12.0298126409
41.9499617322
39.3652922762
6.44373889888
53.9748413788
-1.88489338082
2.22659855615
16.8252302657
-23.4442213072
49.7203762048
-2.66754143434
27.3445804391
25.0605323733
11.2147847234
25.6481939432
-33.3384146319
23.8500195141
31.2173552568
11.1333387811
35.1640731346
-0.289260722918
24.2440788293
-14.683316031
18.9630436854
39.1799803185
-12.581359058
15.8842200315
10.3347908591
70.9176487707
35.2218430473
49.9781314529
-24.1230572508
-25.9668998891
7.11810734725
15.0727566059
36.4060941401
4.29219386306
-46.2829809862
29.4922783291
36.7286678672
8.59256555365
-4.86419850229
29.5368415127
19.1400090515
59.5966844129
59.5508140322
-26.3294228001
58.4008463111
-8.69647668747
43.0202139876
-0.964104552219
-19.0076823142
-30.3961974224
29.7645043947
38.4876576319
-42.3042208385
-65.2350990202
10.0286715637
0.0631079598043
11.5229831148
-10.5586896027
-12.8202870223
52.8776181305
40.7799008172
-5.08658006531
3.30267345502
-15.8506116764
21.4181573079
-30.156143269
-6.52235289869
30.8595568665
69.6957171094
15.5058380598
35.7261312341
13.7082490962
0.387165675174
-0.0958993681177
-81.3898468706
8.94140333416
73.5965591471
61.3570131448
106.605202141
13.7355382839
39.9376221948
39.4645646766
-13.5682458836
32.6200225175
-82.2563682354
73.6609727858
-51.4636836774
28.8287403622
-54.439126285
15.355343366
37.8260847285
-1.98925533048
45.5658445828
-55.4738305142
-0.903670538213
26.9655563192
92.8357784349
7.30814142229
67.3510200073
-21.7494944198
67.1987323378
75.4166880062
-13.5918165891
20.6229822219
-30.2445653414
41.4293282014
15.8167524661
43.1043891972
81.0779538782
-10.7439932496
44.4305069599
21.1801788098
18.4960167622
21.7228231036
-12.8767803684
-27.5871143069
-34.4612234997
-9.3535478087
-8.2934301315
96.2541123018
59.7022093999
-18.4230511601
-40.1180634635
29.3229880281
62.1152124347
57.0006419039
55.7941335732
54.1066415072
63.260537653
64.2055068907
38.4074858061
62.8383266339
49.194169051
55.7714026129
31.959233956
20.1410401499
24.49561282
17.4454440808
-20.6031841499
13.4657468718
6.13602777844
-5.53809990977
13.7123199847
5.24750861611
79.1387772359
74.9644583911
65.6575965321
79.1994081903
66.0791936893
76.3408766236
71.7307896334
62.4032579668
63.8269276265
78.8326154291
-29.9204354186
53.000855957
77.2148774965
-58.1453005982
-5.50455652754
-95.8125065659
9.94647236361
58.3993292209
56.3519338223
15.4270773962
-32.3683721762
-17.1222513374
-21.6225986073
50.1179557762
-14.3443920542
60.8567626794
-34.9678975305
34.2566039437
54.6670247476
-3.2064628335
-16.9884325922
44.2399744654
26.4438835339
71.4211131558
32.314634746
7.71643268879
-33.5033188276
22.243977777
-30.7047048449
-75.0617706785
37.5913290861
25.3711166488
35.5060146661
58.0136083228
-12.5305191781
38.6400934887
29.3881282693
62.4878850682
23.0794145208
21.5007794031
39.0683537948
-13.7682825035
19.2640926317
-13.6848053525
-3.70143468385
21.6208319896
28.0669377023
55.0756045323
9.70128872791
11.3648509973
11.3976248667
55.2654633386
9.44999596818
37.9015743841
39.8924494469
-17.7618605163
0.783026345824
53.521606208
30.2651072363
85.706932801
49.4341782273
-14.1002176266
4.34672075927
17.0707538087
18.929245981
-14.8142537663
-7.82278785338
32.7299600125
-7.0369236372
-2.39991466249
40.1426143466
41.5472906592
-25.7981716961
28.5733760936
16.4803857457
4.11248919224
26.6697685983
44.0754624644
62.6214643024
16.502144114
51.5794318522
62.8345849973
50.968773711
70.1656298425
52.0849870186
75.3101609039
58.0620360927
69.8988642204
57.3542433421
45.3216764031
47.6389955811
-59.1353477041
-40.0008524018
-14.0205863227
-44.4267304358
-4.98849834178
37.4389600364
-15.6093032415
0.84248843704
-48.6336472996
11.6041995617
31.2572060299
25.4846572186
-1.76022762332
17.6396933134
-19.2922516438
25.508419964
10.2639934484
29.8481482125
7.18344339901
-58.0260872657
-25.3123401081
-30.7683182383
-32.0306234636
12.1546117166
2.48150617656
17.5881362015
-5.90439447721
9.48370402606
-66.9192074106
-46.9144159323
-27.5676665557
14.3268976379
42.2586888162
-3.668460879
17.8345074921
19.5938218777
52.119229932
56.3327574895
-34.5010339445
64.2141521043
15.9551697746
33.6790593584
29.702789008
42.1365650895
19.0513189504
11.8552328855
58.9737138768
8.82399096391
34.8071041928
62.482909617
39.6227154019
-23.1325922221
-5.82243039883
-32.9739388401
1.26369203091
29.4308644778
-7.58330802991
9.72485724453
-43.6790350871
86.5697380845
-35.8000095567
37.258671825
-24.6454856755
14.5423822507
87.9836499094
53.7915344574
-48.9920809405
-54.133302732
-11.513539986
46.485858515
-5.28891549105
29.2278861588
-34.5201136386
-44.9786137385
16.1340669886
48.8887796226
61.2066298938
-9.87493599042
-37.0846102529
42.3826296611
60.4409093311
43.8062364624
-11.76985204
22.0963512037
1.06174305001
-0.507698106506
23.1344746974
-8.21554965693
40.637964024
55.8626538141
-24.7162960316
21.0128279578
25.4696274477
5.40292764159
46.8396338127
-31.2932892765
34.9304497281
42.977342204
-52.5544888846
49.1204112453
32.41199441
4.46516644502
48.7908667748
-52.7329191627
112.999667354
19.1105104714
37.0992610458
19.9101994773
-38.8347418349
-7.69405454704
52.860612713
-104.401580267
10.4753938805
-6.71760570418
58.9521971132
-0.133631224636
41.811784869
-11.7719395434
-51.5142690786
-2.82359650166
-23.0488854942
-6.3864771025
-10.1431851522
10.7149681776
34.9962913401
-39.7391798098
-37.578956067
-10.8289426358
7.68623710136
40.8296599543
65.5068748541
-39.3588162838
-4.3194740498
-6.06690619472
-87.1271816981
-11.9475551312
-48.1459088251
-40.6142714963
17.1457729878
-30.7899772298
-43.9301434366
-6.90180184656
33.2463741142
74.0171922481
30.4172505661
-48.4113867405
3.1845716779
30.4318922585
71.8139820684
0.848641904089
1.26486997454
35.7110785972
-18.7933572962
151.159276292
28.861482622
66.1325416619
16.9489799278
-23.6049481702
107.188138594
-26.3323769826
9.7549043967
29.062216926
10.3447015219
21.60051064
32.6104464046
-15.4342484677
-7.58048265872
32.2343450395
44.9535315796
-15.6937067565
-15.1994663488
-11.7156539213
-8.83262030273
-11.9191728613
13.1225817028
15.19176294
14.5748567192
15.5735980313
44.8567432652
-12.6465166271
-35.3217241987
51.7384265929
-81.825905652
2.15452171117
55.2805372676
13.8281246556
-58.708244541
-3.22563714398
50.2372045045
-32.5623776977
51.9634443202
6.8714161881
67.4542711541
44.7603821597
-45.2872268236
105.507098018
-43.8129816187
-38.7350053632
42.9845427684
55.1563845966
88.966855296
1.37844540183
-33.630769848
33.9097016729
-6.70150723291
54.5399855413
-83.8377623065
-55.9694641168
-42.1296609078
-34.852896879
0.874898673795
54.2318804638
-8.104291254
22.57350747
0.731277560264
28.7976213762
-38.3471322136
27.4245623985
12.4624318116
-1.50244663681
10.9952512069
17.3013077802
-62.9562847928
70.6876606258
-26.4487121891
11.6153801704
26.110408138
12.1132566006
42.1538113252
32.3078064392
12.4254151122
26.9794852994
32.5985965898
48.8277846572
-42.5744145815
2.4622070398
8.1413076203
20.0109471506
-5.98493033841
62.9369013861
65.0684820593
76.8028633693
66.8537821783
68.3036330747
72.0994193115
76.6288442493
77.3709870812
70.002987261
67.6584269089
-10.3875835584
10.5390635281
-38.3093698978
36.7488792045
-43.3494900701
-18.3881329117
43.3900384806
74.930823724
-97.8115311114
51.8622647933
12.9240553186
25.6588192414
45.0367916075
-0.0878295021266
-1.71518945417
13.7335270292
-36.1158301163
23.0308818047
-40.5965475622
91.5699842964
56.5845120659
60.4395348388
57.9845563732
66.1256977441
64.0519049994
51.7735424522
60.1023211509
67.4566407835
69.6071412363
62.7163571522
30.3270283315
55.5104534699
74.1068717064
39.3646417019
-29.3792875948
-40.658524295
52.9488167478
-4.02286802195
44.50760961
38.0682641577
-18.6515494357
3.92066538455
43.089749557
-22.8717448165
43.1356680807
21.5593059751
-7.46268074959
-30.4045719724
23.6635876386
-7.64760860177
3.31546291656
-8.6826917397
8.33303974041
-3.26153976153
82.0322968358
-13.8251494824
14.8213362771
18.7939291868
-17.3368285568
11.3650260101
50.1219131877
68.8889404681
17.1557180125
87.0608683948
38.1622839653
18.3971087433
-22.5524272143
-11.0518283613
5.67729501636
-19.0255374786
104.408024999
3.94084703239
43.637738016
39.5729964887
15.1601753819
-22.4293583563
39.2635092101
26.5570739847
3.99737034385
-7.27021009223
48.3142986502
20.1042851141
14.6338508267
-32.3518022804
26.0360715681
-34.4168891947
-13.1233304471
20.9653821805
-19.2341322758
45.2308143486
18.9385616658
7.16845246035
37.7229448237
61.4494293978
-36.4370232152
-26.5584221514
-6.65515947561
-45.9136540048
-45.5674761656
-13.4257307697
49.2776984686
-27.3549117847
-9.75402528565
28.7941900103
-22.5607814198
-46.2316971485
36.1666134602
-12.6880729311
5.94620687546
32.8819513486
23.1026923727
-27.6303346529
57.5730295299
-38.6633364853
32.8843843864
49.2524979868
-20.1902757729
9.39903569846
32.7812137518
-3.01925648127
-2.07234918606
1.97289903195
21.1591951431
-35.7796240707
-0.958960063211
13.1922510679
38.7717838512
10.0698249429
28.2152696662
-46.2031695617
28.8389955126
33.7040774405
-33.972285593
-34.8251132229
3.83613662887
-2.89279611597
-38.8991849496
21.5466544219
9.01805197067
5.64377525063
15.882288267
14.7557294621
-6.18050183542
-4.40812874381
77.1934369506
-40.7361651886
-8.32007516878
15.1342026378
-0.630954993638
15.4406398104
-6.15534908578
7.69046727226
-89.7879000483
32.0333314004
18.5716536468
60.826128059
77.9286457324
10.549712286
47.4977661648
113.894167726
-0.4211500652
53.2871621397
9.12659785785
32.992675073
18.5190641328
76.5813765578
9.87637463438
42.0900225856
26.1763049684
24.3849651191
43.5769688474
65.1025193016
81.3311177972
38.9259897274
62.2004154825
67.8067129696
71.4675369359
74.9697995176
44.1633373522
40.0258246272
17.6793044887
-2.39634257985
-6.29828283729
10.4235014835
-22.7102358582
7.27558215688
-3.19683799593
-20.8070544993
9.99151836515
-30.0247719161
-4.19533537854
31.6848821616
5.71222306034
9.83914110916
36.9593408043
-10.4386676176
46.1574508898
0.936970775079
15.9293058095
-16.2274584092
25.4522600159
22.3101905205
3.11885154748
-19.7026422017
0.521915594332
82.7641190972
-18.5775728672
8.49799974347
49.911419517
34.4173887099
-27.0293015485
4.65384633001
5.677665522
36.6752781307
9.32535480021
5.42045775426
1.01234880441
25.9362630464
13.9542199419
13.0536396226
-19.0893715567
-6.00705529213
5.53253176829
37.9329041047
43.6823052646
-30.8871564708
-6.15131423557
17.5500551207
7.63739588961
28.6917313989
38.9373999867
78.1408875013
31.3850587732
-21.8650466126
-11.8133551235
10.0534392874
15.369174984
24.2716405866
25.8954543879
0.259035170025
10.9686005723
43.6637371422
12.8959942884
-56.3776205635
-19.9195248703
-23.4875143375
23.4659652838
-10.3111844909
63.5355469878
-33.776682728
31.2313174254
-38.0459073673
0.574434793548
72.2797260352
81.0957623159
33.7676333315
-129.854758187
-17.2209451785
-5.72924227333
65.7862887148
5.74998416166
-18.5487994457
26.0799487658
47.3725352434
41.7581701714
-3.45766010435
-31.4922908453
-28.1555445951
41.5419493152
70.0183169556
36.1842745259
26.0102962549
49.5274699706
15.4275553149
35.0814526606
-23.1631671333
44.9158313763
-4.73205059667
2.45917388502
19.4362689303
-1.52241451484
8.94137036466
7.26103346941
47.6240012398
-40.1852675379
52.1874476767
-17.1228111024
71.50534714
2.62413195353
32.7272487165
102.59516244
39.3014927123
-12.3615502023
-47.2504009473
50.9945857109
41.614512273
-21.5999710564
24.8781790339
63.7957739894
37.651760421
29.5542321329
15.1642011924
57.0290829826
10.1052532511
27.1191023374
-32.8020776771
18.6970526519
34.429795295
25.7653902922
14.1235503412
43.2806555282
79.7233408097
29.9294602786
15.4668201057
9.0729410253
15.9063305767
18.1737444298
21.9460905786
4.30430659676
72.2235126438
0.0476864496106
34.1801774366
19.3803754454
33.9079890072
-60.7745351281
-5.54915365576
33.5362083643
-4.32876522026
1.18730721234
23.5399471523
-72.0450211106
-50.9189671314
-0.00682680882803
62.0799191135
73.0093938301
38.2456328223
-24.0505089674
-15.9849209013
25.4372690899
-20.8311220991
-61.104134463
-10.6099662598
62.8148242897
-75.4398099277
94.2823559749
-34.7176907317
60.7410910163
11.0667070238
-47.1396638612
76.8061986504
-35.3977515549
16.869475368
9.70744498501
28.6397664878
40.9761748804
23.1433520061
19.67999834
-9.58627549303
-15.5732154468
-8.46792563242
4.22933099148
-15.1372749014
-13.0979542641
31.8465673761
-14.7598576916
-55.7649129176
62.2055677248
56.7344263571
25.4021189138
-52.3536919201
18.5697367589
49.3877185856
19.1484353219
-3.71751023928
26.5531987954
-14.1196145564
-19.375862366
31.6154047553
-2.02143266014
45.760821755
44.6059807319
-75.0085044022
40.7655099497
53.3453883516
-48.2750845589
14.39317619
-117.338107516
32.6901124046
-38.8510235669
-21.1688448286
12.4605726379
71.0049417714
-58.5756167612
-13.4776210178
20.6646273556
-4.07830159688
32.7747069567
-28.0787353674
30.7306557626
31.4372602107
12.6713055533
4.00289222631
26.1136739894
43.7474514743
-18.3431303618
19.9915514865
25.6348577607
-4.87625512576
30.0113930629
1.91993417883
24.7578120226
-12.537079719
13.5189530152
-16.8796360296
-4.30916935547
48.6828805695
-21.8308094058
11.1495457742
46.3691347686
24.5404611753
71.6509086403
69.7981344373
64.5170368058
72.6997768232
73.7623144349
79.4202273511
70.6256637714
66.3091284963
77.7091729118
62.6737146203
42.2010141272
-19.6839407737
5.54796443839
-14.8316667383
-2.47786096634
-1.08431047553
11.8885191703
37.4036147448
14.0126073879
-9.57963738004
26.0591944641
65.6822870066
24.3386132094
3.83790818999
-39.3297571465
57.0111548462
-19.7969404121
-11.3742660678
20.8291364153
-76.5832165545
1.74116375173
9.2222279938
20.1968816578
-52.9484832082
-12.6331843728
8.51119784022
-32.4623897682
-53.8618577085
5.85715313131
6.95972600685
1.87542892512
-39.0764541774
38.8315563382
26.4653039303
45.9981355715
29.7615601982
-7.52127676369
41.0276796395
18.6453596796
16.0298691059
47.6166105301
96.4192865055
-23.7206012973
29.985486951
21.9260728974
30.1718884428
16.0946878233
-24.2383425309
28.6656466088
-9.27352431844
-1.33447981645
17.6722640309
8.95383308283
9.37294314466
-63.3252232491
37.1804495821
7.18317518415
27.914201021
24.7602802585
-4.91203758167
1.27205814812
-2.0235560173
14.1877320138
22.0263883832
10.4356051919
3.78058432284
73.0604364297
-41.7621518813
8.68058355668
1.21051806079
11.6764838531
-10.2033096489
3.2473020908
33.3678507064
37.4668312358
26.5376981316
7.55505157389
-3.64466464879
26.4478917271
4.51360863285
11.2667230022
9.0212034616
3.20286924347
32.0036660102
54.1743901381
-29.2692270668
-15.9860239466
12.8730967381
-7.87737208113
-3.38568358382
25.5334547347
-18.2362230805
8.28792041933
-56.0261640644
20.2927376208
55.9642643716
46.1184835651
-9.32865424412
3.9433266166
-0.816091490918
-18.0550128297
-17.8017816601
-22.7381858624
49.2430140599
58.6201501321
52.4218892759
-76.8839383923
-28.6115213709
68.2664565976
-36.9469595824
39.2483769213
-19.5906578641
17.3940432233
6.09641334824
-1.10690247928
42.8191138647
49.5726534519
41.4119581004
-47.9673195692
8.3761654931
-43.4076433059
13.1419801291
27.8088735733
-25.2009085526
-20.9219903207
-25.3722515782
-43.1098601904
-16.1897484454
-63.1220075649
-1.82283076013
81.7322765587
2.10205925787
41.8543808669
-46.8742456141
-50.3782815398
-48.8990563643
43.3985925067
-17.6407382378
33.8509668194
10.1381856243
5.26857608863
34.9763849576
18.3715044147
-18.0184802819
5.34219081038
-11.8208535994
-29.3939334157
32.8565766734
-39.4787821556
22.9736098452
-79.2311978243
-17.2528047733
-11.8878505691
-1.6466889212
13.267596019
-56.4075011326
32.5134947639
55.0777930128
22.2217359096
53.1977399066
20.2244212149
-29.1399478795
11.9158501131
15.9930974771
0.76561237224
-18.1700106514
-20.0851160522
26.7178013235
-73.8957347249
5.34073631331
-26.9975855238
18.9635996483
55.2921075574
-12.227680233
22.80089661
9.73528797277
-45.5366012662
31.1590733562
28.8041948506
23.1270134811
-25.6733000908
36.6707836543
47.0142965774
-12.3018362461
-38.2753293559
42.1916327528
-25.0711319117
38.0502456341
-6.84696951111
71.0269940556
37.5895119764
-46.1427079604
-14.9279340755
-17.8165771006
32.18661116
20.8780305181
-0.310092737012
-25.4798636326
18.1009001961
39.0322278402
37.7125164301
29.0340869272
-28.3018847907
116.581888734
-1.15773318496
79.463655206
-59.3663357238
-35.3082319024
22.5289331956
83.9436482655
36.5267159275
-73.0915887453
-44.2268536539
46.6838620495
5.0347310814
28.5093061691
23.1575058713
25.5063907356
0.856496500553
20.9202288558
11.2699556724
-0.124991899983
-66.9699905722
51.83572087
11.1696834643
-11.6978655686
13.0399155625
-11.8588142549
-29.002882033
8.16617674607
26.514739813
-62.6077262347
76.946677742
8.07508855896
76.5281939678
17.1041896505
23.0292179401
-69.5958354594
-5.77141447422
18.6553161986
-4.39103114261
37.8148555969
-17.2175392285
23.5275857045
36.7099075417
-6.7666404334
18.6326060899
19.4879450115
-8.37031447147
-30.2363323109
3.05771106821
76.9897145773
-17.7320137587
76.4697238907
47.0082433786
4.99912780867
58.6085198335
61.4102898453
24.923516008
72.7041184816
5.31801097191
38.761494683
18.7903943398
20.1243376137
-6.31783355559
12.5974918437
20.1183955537
-20.0252729594
-14.3867892702
13.2515545379
45.7587344542
-4.0884309712
-33.5075888306
64.1056804722
15.4652570889
29.1255371287
74.3871993075
33.2380419615
-39.8259372015
-9.11088699766
86.4023604327
-9.36612763978
14.9805188385
9.39148077289
30.9422230512
8.11047766073
-31.6680758848
34.3433957458
-117.732024718
54.9816855419
57.0771064709
-6.15035859987
16.8554140301
-25.2443042704
-8.01582921251
-47.0931060742
14.7125649704
65.0093788377
-34.3786820188
-27.2927033954
11.9116292132
6.62914591907
20.1403018091
20.9563373681
-3.07453268686
50.8021888409
-4.71791664046
6.44785458479
37.0106477562
-0.437560666697
-65.1307433179
48.8290668014
-8.07964424418
-41.05864969
42.4062014061
10.280532755
-2.20597629692
0.639803972095
-26.447204786
18.8457282629
47.780630082
20.1054993701
12.1797112181
118.983349294
56.0865220637
12.705644426
-26.1639492238
17.8985343598
-37.3165023061
-34.0865140505
9.47091503408
118.392412685
-49.6280327513
-20.4234761466
27.8213433713
-10.6696225694
34.270140232
-33.7308626486
-21.6429466393
14.1796379654
-19.7274595958
31.157292753
38.4890677975
10.6668541541
28.0026720896
-46.3947329536
46.5817566922
51.3919226459
54.3834925388
-2.32357380089
67.8452034014
68.5244027315
66.8130583812
63.4727943633
76.3494205558
67.7581180133
77.8790833735
66.0514757724
75.9701719973
75.4542704482
0.791244790393
12.0575961829
-4.21944569182
41.5797885051
32.7441553674
23.5314916239
16.5542138593
30.3040411476
21.167731743
11.544102858
-6.08258096483
11.2790604567
27.4784834204
2.23571825959
11.8022568067
-5.21184680799
26.6265827369
23.7791148518
26.0888670429
4.83249693729
